Scan_Point	Freq (Hz)	Pout (DBM)
1	6000000000	-73.0689
2	6000000000	-73.2364
3	6000000000	-73.1281
4	6000000000	-73.1853
5	6000000000	-73.2242
6	6000000000	-73.1188
7	6000000000	-73.1933
8	6000000000	-73.0788
9	6000000000	-73.1183
10	6000000000	-72.9873
11	6000000000	-72.8953
12	6000000000	-72.7357
13	6000000000	-72.6874
14	6000000000	-72.5342
15	6000000000	-72.3183
16	6000000000	-72.1278
17	6000000000	-71.9295
18	6000000000	-71.7248
19	6000000000	-71.568
20	6000000000	-71.3639
21	6000000000	-71.1569
22	6000000000	-70.9561
23	6000000000	-70.8413
24	6000000000	-70.6866
25	6000000000	-70.4779
26	6000000000	-70.369
27	6000000000	-70.2921
28	6000000000	-70.1525
29	6000000000	-70.0919
30	6000000000	-69.9983
31	6000000000	-69.9892
32	6000000000	-69.8773
33	6000000000	-69.925
34	6000000000	-69.9795
35	6000000000	-69.949
36	6000000000	-70.0424
37	6000000000	-70.1404
38	6000000000	-70.2302
39	6000000000	-70.4138
40	6000000000	-70.5332
41	6000000000	-70.7501
42	6000000000	-70.9
43	6000000000	-71.1865
44	6000000000	-71.4456
45	6000000000	-71.7158
46	6000000000	-72.0808
47	6000000000	-72.4585
48	6000000000	-72.7903
49	6000000000	-73.2691
50	6000000000	-73.6702
51	6000000000	-74.2749
52	6000000000	-74.8234
53	6000000000	-75.3591
54	6000000000	-76.1057
55	6000000000	-76.7465
56	6000000000	-77.6368
57	6000000000	-78.5652
58	6000000000	-79.6915
59	6000000000	-81.0087
60	6000000000	-82.0613
61	6000000000	-83.7737
62	6000000000	-85.5031
63	6000000000	-87.7874
64	6000000000	-90.0224
65	6000000000	-91.8952
66	6000000000	-91.6405
67	6000000000	-90.1783
68	6000000000	-87.852
69	6000000000	-85.854
70	6000000000	-84.4609
71	6000000000	-82.7958
72	6000000000	-81.9277
73	6000000000	-80.9573
74	6000000000	-79.8732
75	6000000000	-79.0764
76	6000000000	-78.3913
77	6000000000	-77.6927
78	6000000000	-77.0931
79	6000000000	-76.4752
80	6000000000	-76.0796
81	6000000000	-75.5914
82	6000000000	-75.2902
83	6000000000	-74.8097
84	6000000000	-74.4836
85	6000000000	-74.1336
86	6000000000	-73.8706
87	6000000000	-73.6262
88	6000000000	-73.3426
89	6000000000	-73.1103
90	6000000000	-72.8637
91	6000000000	-72.7311
92	6000000000	-72.4816
93	6000000000	-72.2414
94	6000000000	-72.165
95	6000000000	-71.8703
96	6000000000	-71.7348
97	6000000000	-71.5768
98	6000000000	-71.4766
99	6000000000	-71.2746
100	6000000000	-71.196
101	6000000000	-71.0275
102	6000000000	-70.8554
103	6000000000	-70.7092
104	6000000000	-70.6278
105	6000000000	-70.5066
106	6000000000	-70.3962
107	6000000000	-70.2581
108	6000000000	-70.1553
109	6000000000	-70.0897
110	6000000000	-69.9704
111	6000000000	-69.8547
112	6000000000	-69.7575
113	6000000000	-69.7025
114	6000000000	-69.6039
115	6000000000	-69.4906
116	6000000000	-69.4305
117	6000000000	-69.297
118	6000000000	-69.2411
119	6000000000	-69.1904
120	6000000000	-69.1029
121	6000000000	-68.9959
122	6000000000	-68.9422
123	6000000000	-68.8645
124	6000000000	-68.8495
125	6000000000	-68.8253
126	6000000000	-68.7078
127	6000000000	-68.6422
128	6000000000	-68.5907
129	6000000000	-68.55
130	6000000000	-68.5096
131	6000000000	-68.399
132	6000000000	-68.3657
133	6000000000	-68.3627
134	6000000000	-68.3037
135	6000000000	-68.2628
136	6000000000	-68.2894
137	6000000000	-68.1928
138	6000000000	-68.1571
139	6000000000	-68.1224
140	6000000000	-68.0523
141	6000000000	-68.0848
142	6000000000	-68.0097
143	6000000000	-67.9817
144	6000000000	-67.9398
145	6000000000	-67.9234
146	6000000000	-67.9204
147	6000000000	-67.8671
148	6000000000	-67.8796
149	6000000000	-67.831
150	6000000000	-67.8347
151	6000000000	-67.7824
152	6000000000	-67.7589
153	6000000000	-67.7098
154	6000000000	-67.7357
155	6000000000	-67.7078
156	6000000000	-67.6752
157	6000000000	-67.6668
158	6000000000	-67.6488
159	6000000000	-67.63
160	6000000000	-67.6402
161	6000000000	-67.6116
162	6000000000	-67.5878
163	6000000000	-67.5757
164	6000000000	-67.5614
165	6000000000	-67.5266
166	6000000000	-67.5437
167	6000000000	-67.5098
168	6000000000	-67.491
169	6000000000	-67.4426
170	6000000000	-67.441
171	6000000000	-67.4221
172	6000000000	-67.4068
173	6000000000	-67.3918
174	6000000000	-67.3948
175	6000000000	-67.3704
176	6000000000	-67.3308
177	6000000000	-67.2861
178	6000000000	-67.2792
179	6000000000	-67.2784
180	6000000000	-67.2302
181	6000000000	-67.2184
182	6000000000	-67.2359
183	6000000000	-67.1963
184	6000000000	-67.1642
185	6000000000	-67.1561
186	6000000000	-67.1364
187	6000000000	-67.0953
188	6000000000	-67.0813
189	6000000000	-67.052
190	6000000000	-67.0349
191	6000000000	-67.0348
192	6000000000	-67.0178
193	6000000000	-66.983
194	6000000000	-66.9967
195	6000000000	-66.9673
196	6000000000	-66.9156
197	6000000000	-66.8994
198	6000000000	-66.8796
199	6000000000	-66.9012
200	6000000000	-66.8938
201	6000000000	-66.8517
202	6000000000	-66.8231
203	6000000000	-66.8451
204	6000000000	-66.8177
205	6000000000	-66.7913
206	6000000000	-66.7876
207	6000000000	-66.7669
208	6000000000	-66.7978
209	6000000000	-66.7437
210	6000000000	-66.7438
211	6000000000	-66.7234
212	6000000000	-66.7081
213	6000000000	-66.7641
214	6000000000	-66.7226
215	6000000000	-66.7088
216	6000000000	-66.7176
217	6000000000	-66.691
218	6000000000	-66.7396
219	6000000000	-66.7723
220	6000000000	-66.7207
221	6000000000	-66.7628
222	6000000000	-66.778
223	6000000000	-66.8099
224	6000000000	-66.8023
225	6000000000	-66.8507
226	6000000000	-66.8626
227	6000000000	-66.8708
228	6000000000	-66.8992
229	6000000000	-66.9252
230	6000000000	-66.9792
231	6000000000	-67.029
232	6000000000	-67.0785
233	6000000000	-67.1083
234	6000000000	-67.1606
235	6000000000	-67.2735
236	6000000000	-67.2965
237	6000000000	-67.3777
238	6000000000	-67.4267
239	6000000000	-67.5121
240	6000000000	-67.6121
241	6000000000	-67.6397
242	6000000000	-67.7576
243	6000000000	-67.8621
244	6000000000	-67.8869
245	6000000000	-68.0167
246	6000000000	-68.0823
247	6000000000	-68.2307
248	6000000000	-68.2667
249	6000000000	-68.3892
250	6000000000	-68.4917
251	6000000000	-68.6069
252	6000000000	-68.7284
253	6000000000	-68.8466
254	6000000000	-68.931
255	6000000000	-69.0344
256	6000000000	-69.1531
257	6000000000	-69.3
258	6000000000	-69.4307
259	6000000000	-69.5392
260	6000000000	-69.6572
261	6000000000	-69.8228
262	6000000000	-69.8815
263	6000000000	-70.0402
264	6000000000	-70.1942
265	6000000000	-70.3554
266	6000000000	-70.4811
267	6000000000	-70.5504
268	6000000000	-70.7709
269	6000000000	-70.9244
270	6000000000	-71.0573
271	6000000000	-71.2436
272	6000000000	-71.3987
273	6000000000	-71.516
274	6000000000	-71.7087
275	6000000000	-71.8767
276	6000000000	-72.038
277	6000000000	-72.2086
278	6000000000	-72.3989
279	6000000000	-72.5566
280	6000000000	-72.8616
281	6000000000	-72.9964
282	6000000000	-73.198
283	6000000000	-73.4529
284	6000000000	-73.6659
285	6000000000	-73.9211
286	6000000000	-74.132
287	6000000000	-74.3787
288	6000000000	-74.6341
289	6000000000	-74.9249
290	6000000000	-75.2655
291	6000000000	-75.517
292	6000000000	-75.8201
293	6000000000	-76.1457
294	6000000000	-76.4623
295	6000000000	-76.7447
296	6000000000	-77.2142
297	6000000000	-77.3484
298	6000000000	-77.6528
299	6000000000	-78.0696
300	6000000000	-78.2055
301	6000000000	-78.3343
302	6000000000	-78.5643
303	6000000000	-78.6958
304	6000000000	-78.7053
305	6000000000	-78.7424
306	6000000000	-78.761
307	6000000000	-78.4647
308	6000000000	-78.4467
309	6000000000	-77.9429
310	6000000000	-77.7894
311	6000000000	-77.6226
312	6000000000	-77.2691
313	6000000000	-76.9203
314	6000000000	-76.7355
315	6000000000	-76.2587
316	6000000000	-75.9502
317	6000000000	-75.7242
318	6000000000	-75.3154
319	6000000000	-75.0027
320	6000000000	-74.6841
321	6000000000	-74.4373
322	6000000000	-74.1254
323	6000000000	-73.9753
324	6000000000	-73.7064
325	6000000000	-73.4157
326	6000000000	-73.2325
327	6000000000	-73.0064
328	6000000000	-72.7818
329	6000000000	-72.6153
330	6000000000	-72.4456
331	6000000000	-72.2236
332	6000000000	-72.0908
333	6000000000	-71.97
334	6000000000	-71.7955
335	6000000000	-71.7031
336	6000000000	-71.5862
337	6000000000	-71.4821
338	6000000000	-71.4304
339	6000000000	-71.3305
340	6000000000	-71.2337
341	6000000000	-71.1439
342	6000000000	-71.0816
343	6000000000	-71.0636
344	6000000000	-71.0229
345	6000000000	-70.9036
346	6000000000	-70.9494
347	6000000000	-70.8531
348	6000000000	-70.8617
349	6000000000	-70.8742
350	6000000000	-70.8616
351	6000000000	-70.8849
352	6000000000	-70.9255
353	6000000000	-70.8805
354	6000000000	-70.9902
355	6000000000	-71.0087
356	6000000000	-71.0589
357	6000000000	-71.098
358	6000000000	-71.2142
359	6000000000	-71.2699
360	6000000000	-71.3683
361	6000000000	-71.4597
362	6000000000	-71.6152
363	6000000000	-71.7539
364	6000000000	-71.8381
365	6000000000	-72.0398
366	6000000000	-72.164
367	6000000000	-72.3114
368	6000000000	-72.5494
369	6000000000	-72.8018
370	6000000000	-72.9905
371	6000000000	-73.313
372	6000000000	-73.5177
373	6000000000	-73.7306
374	6000000000	-74.0571
375	6000000000	-74.4482
376	6000000000	-74.8004
377	6000000000	-75.0906
378	6000000000	-75.4731
379	6000000000	-75.9476
380	6000000000	-76.3868
381	6000000000	-76.8472
382	6000000000	-77.4997
383	6000000000	-77.9848
384	6000000000	-78.542
385	6000000000	-79.0576
386	6000000000	-79.8272
387	6000000000	-80.4917
388	6000000000	-81.3726
389	6000000000	-82.4865
390	6000000000	-82.7998
391	6000000000	-83.7953
392	6000000000	-84.6856
393	6000000000	-85.4239
394	6000000000	-85.7073
395	6000000000	-85.7982
396	6000000000	-85.5971
397	6000000000	-85.2969
398	6000000000	-84.9441
399	6000000000	-83.7845
400	6000000000	-83.0668
401	6000000000	-82.4403
402	6000000000	-81.5523
403	6000000000	-80.7084
404	6000000000	-80.0543
405	6000000000	-79.4594
406	6000000000	-78.7643
407	6000000000	-78.2884
408	6000000000	-77.5685
409	6000000000	-77.2035
410	6000000000	-76.6819
411	6000000000	-76.2762
412	6000000000	-75.7895
413	6000000000	-75.3485
414	6000000000	-75.0343
415	6000000000	-74.6258
416	6000000000	-74.327
417	6000000000	-73.9931
418	6000000000	-73.7003
419	6000000000	-73.4513
420	6000000000	-73.1447
421	6000000000	-72.8807
422	6000000000	-72.6752
423	6000000000	-72.3839
424	6000000000	-72.1735
425	6000000000	-71.8904
426	6000000000	-71.814
427	6000000000	-71.6193
428	6000000000	-71.4262
429	6000000000	-71.2059
430	6000000000	-71.0223
431	6000000000	-70.9123
432	6000000000	-70.6959
433	6000000000	-70.6037
434	6000000000	-70.4256
435	6000000000	-70.3132
436	6000000000	-70.1849
437	6000000000	-70.0341
438	6000000000	-69.9789
439	6000000000	-69.8
440	6000000000	-69.7036
441	6000000000	-69.5719
442	6000000000	-69.4696
443	6000000000	-69.3609
444	6000000000	-69.3232
445	6000000000	-69.2315
446	6000000000	-69.17
447	6000000000	-69.0524
448	6000000000	-68.9768
449	6000000000	-68.8661
450	6000000000	-68.8217
451	6000000000	-68.796
452	6000000000	-68.6922
453	6000000000	-68.6015
454	6000000000	-68.6273
455	6000000000	-68.5223
456	6000000000	-68.5019
457	6000000000	-68.4366
458	6000000000	-68.3884
459	6000000000	-68.3469
460	6000000000	-68.2679
461	6000000000	-68.201
462	6000000000	-68.133
463	6000000000	-68.1304
464	6000000000	-68.1201
465	6000000000	-68.0202
466	6000000000	-68.0237
467	6000000000	-67.9852
468	6000000000	-67.9343
469	6000000000	-67.8951
470	6000000000	-67.8854
471	6000000000	-67.8266
472	6000000000	-67.812
473	6000000000	-67.7776
474	6000000000	-67.7709
475	6000000000	-67.7661
476	6000000000	-67.711
477	6000000000	-67.6659
478	6000000000	-67.6545
479	6000000000	-67.6322
480	6000000000	-67.608
481	6000000000	-67.5849
482	6000000000	-67.6001
483	6000000000	-67.5327
484	6000000000	-67.5399
485	6000000000	-67.499
486	6000000000	-67.5123
487	6000000000	-67.472
488	6000000000	-67.4595
489	6000000000	-67.4467
490	6000000000	-67.4236
491	6000000000	-67.3905
492	6000000000	-67.3806
493	6000000000	-67.3684
494	6000000000	-67.34
495	6000000000	-67.3162
496	6000000000	-67.3292
497	6000000000	-67.3357
498	6000000000	-67.2784
499	6000000000	-67.231
500	6000000000	-67.2554
501	6000000000	-67.2339
502	6000000000	-67.2189
503	6000000000	-67.1985
504	6000000000	-67.1899
505	6000000000	-67.1791
506	6000000000	-67.1307
507	6000000000	-67.1223
508	6000000000	-67.1511
509	6000000000	-67.1039
510	6000000000	-67.1096
511	6000000000	-67.0718
512	6000000000	-67.0545
513	6000000000	-67.0425
514	6000000000	-67.0243
515	6000000000	-67.0023
516	6000000000	-66.976
517	6000000000	-66.9946
518	6000000000	-66.9135
519	6000000000	-66.947
520	6000000000	-66.9051
521	6000000000	-66.8824
522	6000000000	-66.8714
523	6000000000	-66.8845
524	6000000000	-66.8592
525	6000000000	-66.8276
526	6000000000	-66.8046
527	6000000000	-66.7897
528	6000000000	-66.807
529	6000000000	-66.8063
530	6000000000	-66.7985
531	6000000000	-66.7739
532	6000000000	-66.7575
533	6000000000	-66.7829
534	6000000000	-66.7885
535	6000000000	-66.7866
536	6000000000	-66.7616
537	6000000000	-66.7744
538	6000000000	-66.7678
539	6000000000	-66.7549
540	6000000000	-66.7739
541	6000000000	-66.7889
542	6000000000	-66.781
543	6000000000	-66.7997
544	6000000000	-66.8076
545	6000000000	-66.8024
546	6000000000	-66.8052
547	6000000000	-66.848
548	6000000000	-66.869
549	6000000000	-66.8934
550	6000000000	-66.8857
551	6000000000	-66.891
552	6000000000	-66.9639
553	6000000000	-66.9897
554	6000000000	-66.969
555	6000000000	-67.0091
556	6000000000	-67.028
557	6000000000	-67.0311
558	6000000000	-67.0696
559	6000000000	-67.0986
560	6000000000	-67.1222
561	6000000000	-67.1844
562	6000000000	-67.1838
563	6000000000	-67.2362
564	6000000000	-67.2543
565	6000000000	-67.2811
566	6000000000	-67.3123
567	6000000000	-67.2866
568	6000000000	-67.344
569	6000000000	-67.346
570	6000000000	-67.4062
571	6000000000	-67.4115
572	6000000000	-67.4202
573	6000000000	-67.4735
574	6000000000	-67.4725
575	6000000000	-67.4969
576	6000000000	-67.4943
577	6000000000	-67.5118
578	6000000000	-67.5588
579	6000000000	-67.5311
580	6000000000	-67.5429
581	6000000000	-67.5555
582	6000000000	-67.5949
583	6000000000	-67.5608
584	6000000000	-67.6128
585	6000000000	-67.5948
586	6000000000	-67.6129
587	6000000000	-67.6426
588	6000000000	-67.6605
589	6000000000	-67.6612
590	6000000000	-67.6848
591	6000000000	-67.6918
592	6000000000	-67.6967
593	6000000000	-67.7313
594	6000000000	-67.7586
595	6000000000	-67.7944
596	6000000000	-67.7838
597	6000000000	-67.8393
598	6000000000	-67.8865
599	6000000000	-67.9469
600	6000000000	-67.9594
601	6000000000	-68.0077
602	6000000000	-68.0485
603	6000000000	-68.1035
604	6000000000	-68.1321
605	6000000000	-68.1654
606	6000000000	-68.2185
607	6000000000	-68.2913
608	6000000000	-68.3343
609	6000000000	-68.3596
610	6000000000	-68.3968
611	6000000000	-68.4565
612	6000000000	-68.4643
613	6000000000	-68.5123
614	6000000000	-68.4954
615	6000000000	-68.5859
616	6000000000	-68.5463
617	6000000000	-68.5002
618	6000000000	-68.5085
619	6000000000	-68.4495
620	6000000000	-68.4683
621	6000000000	-68.4053
622	6000000000	-68.3775
623	6000000000	-68.3746
624	6000000000	-68.2612
625	6000000000	-68.2841
626	6000000000	-68.1996
627	6000000000	-68.139
628	6000000000	-68.0732
629	6000000000	-68.0201
630	6000000000	-68.0058
631	6000000000	-67.9266
632	6000000000	-67.8827
633	6000000000	-67.8555
634	6000000000	-67.8435
635	6000000000	-67.8501
636	6000000000	-67.8037
637	6000000000	-67.8415
638	6000000000	-67.8729
639	6000000000	-67.8798
640	6000000000	-67.9064
641	6000000000	-67.9646
642	6000000000	-68.0472
643	6000000000	-68.1266
644	6000000000	-68.1993
645	6000000000	-68.3299
646	6000000000	-68.4452
647	6000000000	-68.5615
648	6000000000	-68.6884
649	6000000000	-68.8849
650	6000000000	-69.0235
651	6000000000	-69.2302
652	6000000000	-69.4767
653	6000000000	-69.6713
654	6000000000	-69.8615
655	6000000000	-70.0959
656	6000000000	-70.4043
657	6000000000	-70.5944
658	6000000000	-70.8346
659	6000000000	-71.1459
660	6000000000	-71.4087
661	6000000000	-71.6217
662	6000000000	-71.9027
663	6000000000	-72.1203
664	6000000000	-72.3337
665	6000000000	-72.6
666	6000000000	-72.8358
667	6000000000	-72.9627
668	6000000000	-73.0865
669	6000000000	-73.1665
670	6000000000	-73.2791
671	6000000000	-73.3388
672	6000000000	-73.4399
673	6000000000	-73.3995
674	6000000000	-73.4379
675	6000000000	-73.4272
676	6000000000	-73.405
677	6000000000	-73.3225
678	6000000000	-73.3694
679	6000000000	-73.3531
680	6000000000	-73.3513
681	6000000000	-73.3168
682	6000000000	-73.3749
683	6000000000	-73.438
684	6000000000	-73.3844
685	6000000000	-73.504
686	6000000000	-73.544
687	6000000000	-73.6505
688	6000000000	-73.6668
689	6000000000	-73.8354
690	6000000000	-73.946
691	6000000000	-73.9669
692	6000000000	-74.0268
693	6000000000	-74.1429
694	6000000000	-74.1322
695	6000000000	-74.2411
696	6000000000	-74.3694
697	6000000000	-74.3933
698	6000000000	-74.3862
699	6000000000	-74.4138
700	6000000000	-74.3844
701	6000000000	-74.2885
702	6000000000	-74.2399
703	6000000000	-74.1699
704	6000000000	-74.0659
705	6000000000	-74.0427
706	6000000000	-73.884
707	6000000000	-73.7962
708	6000000000	-73.73
709	6000000000	-73.6375
710	6000000000	-73.5573
711	6000000000	-73.4596
712	6000000000	-73.327
713	6000000000	-73.2688
714	6000000000	-73.2444
715	6000000000	-73.1355
716	6000000000	-73.1724
717	6000000000	-73.2126
718	6000000000	-73.1548
719	6000000000	-73.1685
720	6000000000	-73.1485
721	6000000000	-73.2341
