 Scan_Point	Freq (Hz)	Pout (DBM)
1	1800000000	-51.8105
2	1800000000	-51.829
3	1800000000	-51.839
4	1800000000	-51.8296
5	1800000000	-51.833
6	1800000000	-51.8306
7	1800000000	-51.8301
8	1800000000	-51.8295
9	1800000000	-51.8389
10	1800000000	-51.838
11	1800000000	-51.8366
12	1800000000	-51.8406
13	1800000000	-51.8411
14	1800000000	-51.8431
15	1800000000	-51.846
16	1800000000	-51.8443
17	1800000000	-51.8499
18	1800000000	-51.8473
19	1800000000	-51.8505
20	1800000000	-51.8578
21	1800000000	-51.8608
22	1800000000	-51.867
23	1800000000	-51.8677
24	1800000000	-51.8701
25	1800000000	-51.8774
26	1800000000	-51.8872
27	1800000000	-51.8826
28	1800000000	-51.889
29	1800000000	-51.9051
30	1800000000	-51.9082
31	1800000000	-51.9168
32	1800000000	-51.9164
33	1800000000	-51.9218
34	1800000000	-51.9318
35	1800000000	-51.9453
36	1800000000	-51.9432
37	1800000000	-51.9495
38	1800000000	-51.96
39	1800000000	-51.966
40	1800000000	-51.9774
41	1800000000	-51.9886
42	1800000000	-51.999
43	1800000000	-52.0088
44	1800000000	-52.0141
45	1800000000	-52.0214
46	1800000000	-52.0366
47	1800000000	-52.05
48	1800000000	-52.0594
49	1800000000	-52.0683
50	1800000000	-52.0827
51	1800000000	-52.0942
52	1800000000	-52.0995
53	1800000000	-52.1139
54	1800000000	-52.1281
55	1800000000	-52.1452
56	1800000000	-52.1432
57	1800000000	-52.1609
58	1800000000	-52.1747
59	1800000000	-52.186
60	1800000000	-52.1993
61	1800000000	-52.2158
62	1800000000	-52.234
63	1800000000	-52.2463
64	1800000000	-52.2566
65	1800000000	-52.2676
66	1800000000	-52.2873
67	1800000000	-52.3046
68	1800000000	-52.3227
69	1800000000	-52.3364
70	1800000000	-52.3489
71	1800000000	-52.3611
72	1800000000	-52.3869
73	1800000000	-52.4007
74	1800000000	-52.4158
75	1800000000	-52.4377
76	1800000000	-52.447
77	1800000000	-52.4801
78	1800000000	-52.4893
79	1800000000	-52.5141
80	1800000000	-52.523
81	1800000000	-52.5422
82	1800000000	-52.5676
83	1800000000	-52.5832
84	1800000000	-52.6112
85	1800000000	-52.6219
86	1800000000	-52.6517
87	1800000000	-52.6728
88	1800000000	-52.6767
89	1800000000	-52.7119
90	1800000000	-52.736
91	1800000000	-52.7541
92	1800000000	-52.7735
93	1800000000	-52.8047
94	1800000000	-52.8199
95	1800000000	-52.8477
96	1800000000	-52.8713
97	1800000000	-52.8933
98	1800000000	-52.9136
99	1800000000	-52.9436
100	1800000000	-52.968
101	1800000000	-52.9878
102	1800000000	-53.0187
103	1800000000	-53.0358
104	1800000000	-53.0665
105	1800000000	-53.0873
106	1800000000	-53.114
107	1800000000	-53.1494
108	1800000000	-53.169
109	1800000000	-53.1949
110	1800000000	-53.2259
111	1800000000	-53.255
112	1800000000	-53.279
113	1800000000	-53.3064
114	1800000000	-53.3388
115	1800000000	-53.3692
116	1800000000	-53.3997
117	1800000000	-53.4146
118	1800000000	-53.4577
119	1800000000	-53.4898
120	1800000000	-53.5112
121	1800000000	-53.5428
122	1800000000	-53.5772
123	1800000000	-53.6014
124	1800000000	-53.6408
125	1800000000	-53.6791
126	1800000000	-53.7125
127	1800000000	-53.7444
128	1800000000	-53.7667
129	1800000000	-53.7983
130	1800000000	-53.8369
131	1800000000	-53.8754
132	1800000000	-53.9092
133	1800000000	-53.9459
134	1800000000	-53.987
135	1800000000	-54.0153
136	1800000000	-54.0521
137	1800000000	-54.0788
138	1800000000	-54.1232
139	1800000000	-54.1465
140	1800000000	-54.1847
141	1800000000	-54.2282
142	1800000000	-54.2597
143	1800000000	-54.2974
144	1800000000	-54.3364
145	1800000000	-54.3757
146	1800000000	-54.4102
147	1800000000	-54.4622
148	1800000000	-54.4921
149	1800000000	-54.5325
150	1800000000	-54.5742
151	1800000000	-54.6085
152	1800000000	-54.6488
153	1800000000	-54.7027
154	1800000000	-54.7415
155	1800000000	-54.7849
156	1800000000	-54.8263
157	1800000000	-54.8652
158	1800000000	-54.9006
159	1800000000	-54.947
160	1800000000	-54.9923
161	1800000000	-55.0461
162	1800000000	-55.0865
163	1800000000	-55.126
164	1800000000	-55.1732
165	1800000000	-55.2222
166	1800000000	-55.2614
167	1800000000	-55.3089
168	1800000000	-55.355
169	1800000000	-55.4065
170	1800000000	-55.4552
171	1800000000	-55.5017
172	1800000000	-55.5443
173	1800000000	-55.5936
174	1800000000	-55.6606
175	1800000000	-55.6961
176	1800000000	-55.7375
177	1800000000	-55.7891
178	1800000000	-55.8524
179	1800000000	-55.8856
180	1800000000	-55.9551
181	1800000000	-55.9994
182	1800000000	-56.0439
183	1800000000	-56.0949
184	1800000000	-56.15
185	1800000000	-56.1907
186	1800000000	-56.2611
187	1800000000	-56.3131
188	1800000000	-56.3601
189	1800000000	-56.4171
190	1800000000	-56.4746
191	1800000000	-56.5348
192	1800000000	-56.5856
193	1800000000	-56.6439
194	1800000000	-56.7073
195	1800000000	-56.7615
196	1800000000	-56.8213
197	1800000000	-56.8759
198	1800000000	-56.9243
199	1800000000	-56.9882
200	1800000000	-57.0538
201	1800000000	-57.1133
202	1800000000	-57.1791
203	1800000000	-57.23
204	1800000000	-57.2926
205	1800000000	-57.38
206	1800000000	-57.4296
207	1800000000	-57.4863
208	1800000000	-57.5587
209	1800000000	-57.6054
210	1800000000	-57.6812
211	1800000000	-57.7539
212	1800000000	-57.8173
213	1800000000	-57.8792
214	1800000000	-57.9371
215	1800000000	-58.0102
216	1800000000	-58.0885
217	1800000000	-58.1503
218	1800000000	-58.2133
219	1800000000	-58.3052
220	1800000000	-58.3799
221	1800000000	-58.4561
222	1800000000	-58.5038
223	1800000000	-58.5917
224	1800000000	-58.6473
225	1800000000	-58.7283
226	1800000000	-58.7811
227	1800000000	-58.858
228	1800000000	-58.9395
229	1800000000	-59.0091
230	1800000000	-59.093
231	1800000000	-59.1732
232	1800000000	-59.2551
233	1800000000	-59.3106
234	1800000000	-59.3901
235	1800000000	-59.4745
236	1800000000	-59.5469
237	1800000000	-59.6302
238	1800000000	-59.6946
239	1800000000	-59.798
240	1800000000	-59.8784
241	1800000000	-59.9572
242	1800000000	-60.0575
243	1800000000	-60.1137
244	1800000000	-60.2046
245	1800000000	-60.2996
246	1800000000	-60.3736
247	1800000000	-60.4661
248	1800000000	-60.5476
249	1800000000	-60.6543
250	1800000000	-60.7286
251	1800000000	-60.8242
252	1800000000	-60.9064
253	1800000000	-60.9906
254	1800000000	-61.1062
255	1800000000	-61.191
256	1800000000	-61.2944
257	1800000000	-61.3589
258	1800000000	-61.4667
259	1800000000	-61.5734
260	1800000000	-61.6423
261	1800000000	-61.7681
262	1800000000	-61.8456
263	1800000000	-61.9617
264	1800000000	-62.071
265	1800000000	-62.1578
266	1800000000	-62.2646
267	1800000000	-62.35
268	1800000000	-62.5045
269	1800000000	-62.5655
270	1800000000	-62.6826
271	1800000000	-62.7854
272	1800000000	-62.9087
273	1800000000	-62.9995
274	1800000000	-63.1055
275	1800000000	-63.2392
276	1800000000	-63.3412
277	1800000000	-63.46
278	1800000000	-63.5623
279	1800000000	-63.6746
280	1800000000	-63.8131
281	1800000000	-63.9375
282	1800000000	-64.0774
283	1800000000	-64.1755
284	1800000000	-64.3002
285	1800000000	-64.4122
286	1800000000	-64.5661
287	1800000000	-64.6743
288	1800000000	-64.8121
289	1800000000	-64.905
290	1800000000	-65.0773
291	1800000000	-65.1915
292	1800000000	-65.3242
293	1800000000	-65.4706
294	1800000000	-65.6082
295	1800000000	-65.7098
296	1800000000	-65.8909
297	1800000000	-66.0319
298	1800000000	-66.1549
299	1800000000	-66.3175
300	1800000000	-66.4654
301	1800000000	-66.6266
302	1800000000	-66.7551
303	1800000000	-66.9613
304	1800000000	-67.1147
305	1800000000	-67.2937
306	1800000000	-67.4702
307	1800000000	-67.6003
308	1800000000	-67.7835
309	1800000000	-67.9814
310	1800000000	-68.1848
311	1800000000	-68.3297
312	1800000000	-68.542
313	1800000000	-68.767
314	1800000000	-68.8608
315	1800000000	-69.1018
316	1800000000	-69.3087
317	1800000000	-69.4982
318	1800000000	-69.6663
319	1800000000	-69.8532
320	1800000000	-70.134
321	1800000000	-70.3251
322	1800000000	-70.5203
323	1800000000	-70.7989
324	1800000000	-71.092
325	1800000000	-71.3024
326	1800000000	-71.5429
327	1800000000	-71.7928
328	1800000000	-72.0924
329	1800000000	-72.4047
330	1800000000	-72.5897
331	1800000000	-72.8676
332	1800000000	-73.1954
333	1800000000	-73.4332
334	1800000000	-73.8126
335	1800000000	-74.2088
336	1800000000	-74.4973
337	1800000000	-74.9261
338	1800000000	-75.1897
339	1800000000	-75.5107
340	1800000000	-75.9637
341	1800000000	-76.4722
342	1800000000	-76.7637
343	1800000000	-77.2457
344	1800000000	-77.7615
345	1800000000	-78.1211
346	1800000000	-78.799
347	1800000000	-79.2517
348	1800000000	-79.9255
349	1800000000	-80.5203
350	1800000000	-81.0473
351	1800000000	-81.7619
352	1800000000	-82.4215
353	1800000000	-83.3108
354	1800000000	-84.0917
355	1800000000	-84.8848
356	1800000000	-86.2139
357	1800000000	-87.0959
358	1800000000	-87.8585
359	1800000000	-89.0431
360	1800000000	-89.1621
361	1800000000	-89.6141
362	1800000000	-89.6306
363	1800000000	-89.2955
364	1800000000	-88.3026
365	1800000000	-87.9018
366	1800000000	-86.6559
367	1800000000	-85.9276
368	1800000000	-84.804
369	1800000000	-83.9225
370	1800000000	-82.9897
371	1800000000	-82.1942
372	1800000000	-81.5138
373	1800000000	-80.8287
374	1800000000	-80.259
375	1800000000	-79.6416
376	1800000000	-79.0238
377	1800000000	-78.5516
378	1800000000	-78.2112
379	1800000000	-77.7116
380	1800000000	-77.1891
381	1800000000	-76.7618
382	1800000000	-76.3323
383	1800000000	-76.0611
384	1800000000	-75.6663
385	1800000000	-75.2246
386	1800000000	-74.9661
387	1800000000	-74.6487
388	1800000000	-74.3283
389	1800000000	-74.08
390	1800000000	-73.7579
391	1800000000	-73.3863
392	1800000000	-73.1559
393	1800000000	-72.8468
394	1800000000	-72.5641
395	1800000000	-72.2942
396	1800000000	-72.049
397	1800000000	-71.8217
398	1800000000	-71.5999
399	1800000000	-71.3382
400	1800000000	-71.1869
401	1800000000	-70.9695
402	1800000000	-70.7323
403	1800000000	-70.4829
404	1800000000	-70.2874
405	1800000000	-70.1469
406	1800000000	-69.9277
407	1800000000	-69.7364
408	1800000000	-69.5766
409	1800000000	-69.3753
410	1800000000	-69.2019
411	1800000000	-69.0309
412	1800000000	-68.8571
413	1800000000	-68.6828
414	1800000000	-68.4897
415	1800000000	-68.3082
416	1800000000	-68.2258
417	1800000000	-68.023
418	1800000000	-67.8486
419	1800000000	-67.6851
420	1800000000	-67.5993
421	1800000000	-67.4131
422	1800000000	-67.3011
423	1800000000	-67.1141
424	1800000000	-66.9607
425	1800000000	-66.8178
426	1800000000	-66.6426
427	1800000000	-66.5372
428	1800000000	-66.3898
429	1800000000	-66.2763
430	1800000000	-66.1588
431	1800000000	-66.034
432	1800000000	-65.9022
433	1800000000	-65.7366
434	1800000000	-65.6533
435	1800000000	-65.5021
436	1800000000	-65.3762
437	1800000000	-65.2707
438	1800000000	-65.1524
439	1800000000	-65.0347
440	1800000000	-64.9139
441	1800000000	-64.7938
442	1800000000	-64.684
443	1800000000	-64.5476
444	1800000000	-64.4889
445	1800000000	-64.3614
446	1800000000	-64.2368
447	1800000000	-64.1282
448	1800000000	-64.0392
449	1800000000	-63.9245
450	1800000000	-63.8261
451	1800000000	-63.7267
452	1800000000	-63.6146
453	1800000000	-63.4974
454	1800000000	-63.377
455	1800000000	-63.3018
456	1800000000	-63.2288
457	1800000000	-63.0953
458	1800000000	-63.0236
459	1800000000	-62.927
460	1800000000	-62.8307
461	1800000000	-62.7417
462	1800000000	-62.623
463	1800000000	-62.5392
464	1800000000	-62.446
465	1800000000	-62.399
466	1800000000	-62.3072
467	1800000000	-62.2229
468	1800000000	-62.1079
469	1800000000	-62.0073
470	1800000000	-61.943
471	1800000000	-61.8446
472	1800000000	-61.7959
473	1800000000	-61.6869
474	1800000000	-61.6234
475	1800000000	-61.511
476	1800000000	-61.4319
477	1800000000	-61.3221
478	1800000000	-61.2592
479	1800000000	-61.1871
480	1800000000	-61.0914
481	1800000000	-61.0228
482	1800000000	-60.9313
483	1800000000	-60.8396
484	1800000000	-60.7891
485	1800000000	-60.714
486	1800000000	-60.6138
487	1800000000	-60.5436
488	1800000000	-60.4862
489	1800000000	-60.3949
490	1800000000	-60.3244
491	1800000000	-60.252
492	1800000000	-60.177
493	1800000000	-60.1014
494	1800000000	-60.0446
495	1800000000	-59.9538
496	1800000000	-59.8949
497	1800000000	-59.8027
498	1800000000	-59.7359
499	1800000000	-59.676
500	1800000000	-59.6073
501	1800000000	-59.5355
502	1800000000	-59.4583
503	1800000000	-59.3994
504	1800000000	-59.3343
505	1800000000	-59.2583
506	1800000000	-59.1964
507	1800000000	-59.149
508	1800000000	-59.0656
509	1800000000	-59.0005
510	1800000000	-58.9421
511	1800000000	-58.8588
512	1800000000	-58.8075
513	1800000000	-58.7347
514	1800000000	-58.6733
515	1800000000	-58.6177
516	1800000000	-58.5621
517	1800000000	-58.5024
518	1800000000	-58.4488
519	1800000000	-58.3837
520	1800000000	-58.3372
521	1800000000	-58.2565
522	1800000000	-58.2191
523	1800000000	-58.1353
524	1800000000	-58.0864
525	1800000000	-58.0186
526	1800000000	-57.9618
527	1800000000	-57.9013
528	1800000000	-57.8535
529	1800000000	-57.7843
530	1800000000	-57.7524
531	1800000000	-57.6826
532	1800000000	-57.6235
533	1800000000	-57.5599
534	1800000000	-57.5092
535	1800000000	-57.4714
536	1800000000	-57.4179
537	1800000000	-57.3753
538	1800000000	-57.3156
539	1800000000	-57.253
540	1800000000	-57.1963
541	1800000000	-57.1527
542	1800000000	-57.0971
543	1800000000	-57.039
544	1800000000	-56.9978
545	1800000000	-56.9138
546	1800000000	-56.878
547	1800000000	-56.8438
548	1800000000	-56.7974
549	1800000000	-56.7312
550	1800000000	-56.6835
551	1800000000	-56.63
552	1800000000	-56.5825
553	1800000000	-56.5417
554	1800000000	-56.4905
555	1800000000	-56.449
556	1800000000	-56.4026
557	1800000000	-56.3511
558	1800000000	-56.3099
559	1800000000	-56.2593
560	1800000000	-56.2246
561	1800000000	-56.1613
562	1800000000	-56.1127
563	1800000000	-56.079
564	1800000000	-56.0223
565	1800000000	-55.9743
566	1800000000	-55.9343
567	1800000000	-55.8941
568	1800000000	-55.8539
569	1800000000	-55.8182
570	1800000000	-55.7744
571	1800000000	-55.7264
572	1800000000	-55.6857
573	1800000000	-55.6355
574	1800000000	-55.5975
575	1800000000	-55.5604
576	1800000000	-55.5172
577	1800000000	-55.4881
578	1800000000	-55.4427
579	1800000000	-55.3969
580	1800000000	-55.3617
581	1800000000	-55.3241
582	1800000000	-55.2916
583	1800000000	-55.2488
584	1800000000	-55.2131
585	1800000000	-55.1678
586	1800000000	-55.1323
587	1800000000	-55.0803
588	1800000000	-55.045
589	1800000000	-54.9983
590	1800000000	-54.9636
591	1800000000	-54.9426
592	1800000000	-54.9089
593	1800000000	-54.8764
594	1800000000	-54.8296
595	1800000000	-54.7961
596	1800000000	-54.7682
597	1800000000	-54.7321
598	1800000000	-54.6992
599	1800000000	-54.6639
600	1800000000	-54.6313
601	1800000000	-54.6003
602	1800000000	-54.5704
603	1800000000	-54.5358
604	1800000000	-54.5066
605	1800000000	-54.4759
606	1800000000	-54.4392
607	1800000000	-54.3946
608	1800000000	-54.3568
609	1800000000	-54.3323
610	1800000000	-54.2968
611	1800000000	-54.2631
612	1800000000	-54.2344
613	1800000000	-54.2088
614	1800000000	-54.17
615	1800000000	-54.1438
616	1800000000	-54.1299
617	1800000000	-54.0992
618	1800000000	-54.0634
619	1800000000	-54.036
620	1800000000	-54.0068
621	1800000000	-53.9779
622	1800000000	-53.9528
623	1800000000	-53.9291
624	1800000000	-53.8944
625	1800000000	-53.8777
626	1800000000	-53.8389
627	1800000000	-53.8126
628	1800000000	-53.7816
629	1800000000	-53.7574
630	1800000000	-53.7199
631	1800000000	-53.6991
632	1800000000	-53.6847
633	1800000000	-53.655
634	1800000000	-53.6303
635	1800000000	-53.6112
636	1800000000	-53.5834
637	1800000000	-53.5638
638	1800000000	-53.5337
639	1800000000	-53.5119
640	1800000000	-53.4846
641	1800000000	-53.4637
642	1800000000	-53.4431
643	1800000000	-53.4113
644	1800000000	-53.3954
645	1800000000	-53.3695
646	1800000000	-53.3506
647	1800000000	-53.3239
648	1800000000	-53.3038
649	1800000000	-53.2869
650	1800000000	-53.2555
651	1800000000	-53.2422
652	1800000000	-53.2124
653	1800000000	-53.2042
654	1800000000	-53.1786
655	1800000000	-53.1637
656	1800000000	-53.1346
657	1800000000	-53.1192
658	1800000000	-53.0953
659	1800000000	-53.096
660	1800000000	-53.06
661	1800000000	-53.0465
662	1800000000	-53.0176
663	1800000000	-53.0098
664	1800000000	-52.9908
665	1800000000	-52.973
666	1800000000	-52.9511
667	1800000000	-52.9373
668	1800000000	-52.9151
669	1800000000	-52.9005
670	1800000000	-52.8832
671	1800000000	-52.864
672	1800000000	-52.8544
673	1800000000	-52.8432
674	1800000000	-52.8203
675	1800000000	-52.8092
676	1800000000	-52.7931
677	1800000000	-52.7756
678	1800000000	-52.7614
679	1800000000	-52.7499
680	1800000000	-52.7345
681	1800000000	-52.7221
682	1800000000	-52.7042
683	1800000000	-52.6933
684	1800000000	-52.6805
685	1800000000	-52.6565
686	1800000000	-52.6532
687	1800000000	-52.6424
688	1800000000	-52.6257
689	1800000000	-52.6076
690	1800000000	-52.6025
691	1800000000	-52.5886
692	1800000000	-52.578
693	1800000000	-52.5647
694	1800000000	-52.5569
695	1800000000	-52.5399
696	1800000000	-52.5295
697	1800000000	-52.521
698	1800000000	-52.5107
699	1800000000	-52.5005
700	1800000000	-52.4967
701	1800000000	-52.4877
702	1800000000	-52.4825
703	1800000000	-52.4651
704	1800000000	-52.4592
705	1800000000	-52.4536
706	1800000000	-52.4367
707	1800000000	-52.4279
708	1800000000	-52.4238
709	1800000000	-52.4145
710	1800000000	-52.4071
711	1800000000	-52.3948
712	1800000000	-52.3927
713	1800000000	-52.3903
714	1800000000	-52.3835
715	1800000000	-52.3644
716	1800000000	-52.3668
717	1800000000	-52.3567
718	1800000000	-52.3523
719	1800000000	-52.3441
720	1800000000	-52.3362
721	1800000000	-52.3397
722	1800000000	-52.3342
723	1800000000	-52.3187
724	1800000000	-52.3185
725	1800000000	-52.3059
726	1800000000	-52.3097
727	1800000000	-52.3011
728	1800000000	-52.308
729	1800000000	-52.3051
730	1800000000	-52.2904
731	1800000000	-52.2959
732	1800000000	-52.2894
733	1800000000	-52.291
734	1800000000	-52.2936
735	1800000000	-52.2896
736	1800000000	-52.2892
737	1800000000	-52.2873
738	1800000000	-52.291
739	1800000000	-52.2906
740	1800000000	-52.2883
741	1800000000	-52.2859
742	1800000000	-52.2888
743	1800000000	-52.2793
744	1800000000	-52.2938
745	1800000000	-52.2934
746	1800000000	-52.2864
747	1800000000	-52.2939
748	1800000000	-52.2957
749	1800000000	-52.3007
750	1800000000	-52.2965
751	1800000000	-52.2979
752	1800000000	-52.2935
753	1800000000	-52.2923
754	1800000000	-52.3047
755	1800000000	-52.3018
756	1800000000	-52.3036
757	1800000000	-52.2987
758	1800000000	-52.3004
759	1800000000	-52.3125
760	1800000000	-52.3161
761	1800000000	-52.3241
762	1800000000	-52.323
763	1800000000	-52.3367
764	1800000000	-52.3312
765	1800000000	-52.3408
766	1800000000	-52.3496
767	1800000000	-52.3497
768	1800000000	-52.3525
769	1800000000	-52.3628
770	1800000000	-52.3579
771	1800000000	-52.3719
772	1800000000	-52.3807
773	1800000000	-52.3808
774	1800000000	-52.3865
775	1800000000	-52.3939
776	1800000000	-52.4046
777	1800000000	-52.415
778	1800000000	-52.418
779	1800000000	-52.4273
780	1800000000	-52.4307
781	1800000000	-52.445
782	1800000000	-52.4535
783	1800000000	-52.4612
784	1800000000	-52.4684
785	1800000000	-52.4792
786	1800000000	-52.4869
787	1800000000	-52.5003
788	1800000000	-52.5098
789	1800000000	-52.5199
790	1800000000	-52.5246
791	1800000000	-52.5358
792	1800000000	-52.5502
793	1800000000	-52.5561
794	1800000000	-52.565
795	1800000000	-52.5822
796	1800000000	-52.5957
797	1800000000	-52.6075
798	1800000000	-52.617
799	1800000000	-52.626
800	1800000000	-52.6406
801	1800000000	-52.6524
802	1800000000	-52.668
803	1800000000	-52.674
804	1800000000	-52.7017
805	1800000000	-52.7039
806	1800000000	-52.7195
807	1800000000	-52.7336
808	1800000000	-52.7497
809	1800000000	-52.7598
810	1800000000	-52.7785
811	1800000000	-52.7875
812	1800000000	-52.8071
813	1800000000	-52.8231
814	1800000000	-52.8459
815	1800000000	-52.8513
816	1800000000	-52.8694
817	1800000000	-52.8875
818	1800000000	-52.9025
819	1800000000	-52.9174
820	1800000000	-52.9367
821	1800000000	-52.9483
822	1800000000	-52.9743
823	1800000000	-52.9925
824	1800000000	-53.0062
825	1800000000	-53.0252
826	1800000000	-53.0446
827	1800000000	-53.0647
828	1800000000	-53.0852
829	1800000000	-53.1023
830	1800000000	-53.1122
831	1800000000	-53.1388
832	1800000000	-53.1656
833	1800000000	-53.1785
834	1800000000	-53.1909
835	1800000000	-53.2211
836	1800000000	-53.2481
837	1800000000	-53.2693
838	1800000000	-53.2846
839	1800000000	-53.2975
840	1800000000	-53.3176
841	1800000000	-53.3439
842	1800000000	-53.378
843	1800000000	-53.3977
844	1800000000	-53.4133
845	1800000000	-53.4443
846	1800000000	-53.4687
847	1800000000	-53.481
848	1800000000	-53.5076
849	1800000000	-53.5387
850	1800000000	-53.556
851	1800000000	-53.5739
852	1800000000	-53.6066
853	1800000000	-53.6421
854	1800000000	-53.6658
855	1800000000	-53.6895
856	1800000000	-53.7098
857	1800000000	-53.7344
858	1800000000	-53.7746
859	1800000000	-53.7955
860	1800000000	-53.8239
861	1800000000	-53.8467
862	1800000000	-53.8765
863	1800000000	-53.8994
864	1800000000	-53.9218
865	1800000000	-53.9577
866	1800000000	-53.995
867	1800000000	-54.0116
868	1800000000	-54.0446
869	1800000000	-54.0834
870	1800000000	-54.0926
871	1800000000	-54.1264
872	1800000000	-54.1526
873	1800000000	-54.1958
874	1800000000	-54.2212
875	1800000000	-54.254
876	1800000000	-54.285
877	1800000000	-54.3072
878	1800000000	-54.343
879	1800000000	-54.3744
880	1800000000	-54.415
881	1800000000	-54.4437
882	1800000000	-54.4792
883	1800000000	-54.5124
884	1800000000	-54.5471
885	1800000000	-54.5726
886	1800000000	-54.6061
887	1800000000	-54.6517
888	1800000000	-54.6835
889	1800000000	-54.7244
890	1800000000	-54.7565
891	1800000000	-54.7904
892	1800000000	-54.827
893	1800000000	-54.8634
894	1800000000	-54.9
895	1800000000	-54.9264
896	1800000000	-54.9785
897	1800000000	-55.0068
898	1800000000	-55.0546
899	1800000000	-55.0931
900	1800000000	-55.1405
901	1800000000	-55.1751
902	1800000000	-55.1996
903	1800000000	-55.2512
904	1800000000	-55.2908
905	1800000000	-55.3373
906	1800000000	-55.3729
907	1800000000	-55.4088
908	1800000000	-55.4638
909	1800000000	-55.5057
910	1800000000	-55.5388
911	1800000000	-55.5727
912	1800000000	-55.6282
913	1800000000	-55.6818
914	1800000000	-55.7144
915	1800000000	-55.7645
916	1800000000	-55.8126
917	1800000000	-55.8501
918	1800000000	-55.9038
919	1800000000	-55.9414
920	1800000000	-56.0017
921	1800000000	-56.0457
922	1800000000	-56.0885
923	1800000000	-56.1343
924	1800000000	-56.183
925	1800000000	-56.2304
926	1800000000	-56.2796
927	1800000000	-56.3408
928	1800000000	-56.3794
929	1800000000	-56.4414
930	1800000000	-56.4839
931	1800000000	-56.5433
932	1800000000	-56.5924
933	1800000000	-56.6428
934	1800000000	-56.7079
935	1800000000	-56.7532
936	1800000000	-56.8068
937	1800000000	-56.8587
938	1800000000	-56.9079
939	1800000000	-56.9726
940	1800000000	-57.032
941	1800000000	-57.0883
942	1800000000	-57.1271
943	1800000000	-57.2086
944	1800000000	-57.2564
945	1800000000	-57.319
946	1800000000	-57.3835
947	1800000000	-57.4455
948	1800000000	-57.5121
949	1800000000	-57.5584
950	1800000000	-57.6151
951	1800000000	-57.6729
952	1800000000	-57.7487
953	1800000000	-57.8179
954	1800000000	-57.8671
955	1800000000	-57.947
956	1800000000	-58.0104
957	1800000000	-58.0732
958	1800000000	-58.144
959	1800000000	-58.2147
960	1800000000	-58.273
961	1800000000	-58.339
962	1800000000	-58.4187
963	1800000000	-58.4843
964	1800000000	-58.5534
965	1800000000	-58.6318
966	1800000000	-58.7173
967	1800000000	-58.7719
968	1800000000	-58.8533
969	1800000000	-58.9214
970	1800000000	-59.0086
971	1800000000	-59.0827
972	1800000000	-59.1569
973	1800000000	-59.2477
974	1800000000	-59.3054
975	1800000000	-59.4006
976	1800000000	-59.4747
977	1800000000	-59.5443
978	1800000000	-59.6313
979	1800000000	-59.7289
980	1800000000	-59.8148
981	1800000000	-59.9069
982	1800000000	-59.9928
983	1800000000	-60.0745
984	1800000000	-60.1595
985	1800000000	-60.2472
986	1800000000	-60.3436
987	1800000000	-60.4596
988	1800000000	-60.5493
989	1800000000	-60.6144
990	1800000000	-60.7184
991	1800000000	-60.832
992	1800000000	-60.9209
993	1800000000	-61.019
994	1800000000	-61.138
995	1800000000	-61.2212
996	1800000000	-61.323
997	1800000000	-61.4197
998	1800000000	-61.5256
999	1800000000	-61.6482
1000	1800000000	-61.7598
1001	1800000000	-61.8706
1002	1800000000	-61.9776
1003	1800000000	-62.1083
1004	1800000000	-62.2177
1005	1800000000	-62.317
1006	1800000000	-62.4471
1007	1800000000	-62.5713
1008	1800000000	-62.716
1009	1800000000	-62.82
1010	1800000000	-62.9168
1011	1800000000	-63.0741
1012	1800000000	-63.2057
1013	1800000000	-63.3182
1014	1800000000	-63.4747
1015	1800000000	-63.6026
1016	1800000000	-63.7306
1017	1800000000	-63.9129
1018	1800000000	-64.0303
1019	1800000000	-64.1797
1020	1800000000	-64.3304
1021	1800000000	-64.4833
1022	1800000000	-64.6188
1023	1800000000	-64.79
1024	1800000000	-64.9155
1025	1800000000	-65.1088
1026	1800000000	-65.2676
1027	1800000000	-65.4452
1028	1800000000	-65.6253
1029	1800000000	-65.7946
1030	1800000000	-65.9745
1031	1800000000	-66.1273
1032	1800000000	-66.3483
1033	1800000000	-66.5165
1034	1800000000	-66.7368
1035	1800000000	-66.9205
1036	1800000000	-67.1235
1037	1800000000	-67.3246
1038	1800000000	-67.5602
1039	1800000000	-67.7885
1040	1800000000	-68.0306
1041	1800000000	-68.2314
1042	1800000000	-68.4953
1043	1800000000	-68.7232
1044	1800000000	-68.9518
1045	1800000000	-69.2167
1046	1800000000	-69.5251
1047	1800000000	-69.7188
1048	1800000000	-70.0248
1049	1800000000	-70.344
1050	1800000000	-70.6521
1051	1800000000	-70.9542
1052	1800000000	-71.2361
1053	1800000000	-71.671
1054	1800000000	-71.9475
1055	1800000000	-72.3648
1056	1800000000	-72.7147
1057	1800000000	-73.08
1058	1800000000	-73.4644
1059	1800000000	-73.9053
1060	1800000000	-74.4434
1061	1800000000	-74.9123
1062	1800000000	-75.3116
1063	1800000000	-75.9538
1064	1800000000	-76.4362
1065	1800000000	-77.0436
1066	1800000000	-77.75
1067	1800000000	-78.3057
1068	1800000000	-79.3503
1069	1800000000	-79.9092
1070	1800000000	-80.7801
1071	1800000000	-81.9279
1072	1800000000	-83.0454
1073	1800000000	-84.2925
1074	1800000000	-86.1019
1075	1800000000	-87.9101
1076	1800000000	-90.6809
1077	1800000000	-94.1407
1078	1800000000	-100.7898
1079	1800000000	-106.7391
1080	1800000000	-99.4999
1081	1800000000	-94.0661
1082	1800000000	-90.6573
1083	1800000000	-88.4229
1084	1800000000	-86.0057
1085	1800000000	-84.6172
1086	1800000000	-83.0978
1087	1800000000	-82.1172
1088	1800000000	-80.9905
1089	1800000000	-80.0479
1090	1800000000	-79.4724
1091	1800000000	-78.6099
1092	1800000000	-77.8301
1093	1800000000	-77.3269
1094	1800000000	-76.6677
1095	1800000000	-76.0886
1096	1800000000	-75.5303
1097	1800000000	-75.069
1098	1800000000	-74.6519
1099	1800000000	-74.2213
1100	1800000000	-73.8308
1101	1800000000	-73.3816
1102	1800000000	-72.9882
1103	1800000000	-72.6453
1104	1800000000	-72.3306
1105	1800000000	-72.0768
1106	1800000000	-71.7237
1107	1800000000	-71.3712
1108	1800000000	-71.0988
1109	1800000000	-70.767
1110	1800000000	-70.5068
1111	1800000000	-70.2944
1112	1800000000	-70.0235
1113	1800000000	-69.8284
1114	1800000000	-69.4825
1115	1800000000	-69.3077
1116	1800000000	-69.0397
1117	1800000000	-68.8672
1118	1800000000	-68.6088
1119	1800000000	-68.4505
1120	1800000000	-68.2144
1121	1800000000	-68.022
1122	1800000000	-67.8611
1123	1800000000	-67.6539
1124	1800000000	-67.4352
1125	1800000000	-67.2795
1126	1800000000	-67.1163
1127	1800000000	-66.9261
1128	1800000000	-66.7549
1129	1800000000	-66.6058
1130	1800000000	-66.4461
1131	1800000000	-66.2763
1132	1800000000	-66.1251
1133	1800000000	-65.9414
1134	1800000000	-65.807
1135	1800000000	-65.6522
1136	1800000000	-65.5545
1137	1800000000	-65.3557
1138	1800000000	-65.2537
1139	1800000000	-65.0882
1140	1800000000	-64.9669
1141	1800000000	-64.8469
1142	1800000000	-64.739
1143	1800000000	-64.605
1144	1800000000	-64.4888
1145	1800000000	-64.3453
1146	1800000000	-64.232
1147	1800000000	-64.1112
1148	1800000000	-64.017
1149	1800000000	-63.8935
1150	1800000000	-63.7871
1151	1800000000	-63.6613
1152	1800000000	-63.5393
1153	1800000000	-63.4413
1154	1800000000	-63.3229
1155	1800000000	-63.218
1156	1800000000	-63.116
1157	1800000000	-63.0152
1158	1800000000	-62.9388
1159	1800000000	-62.817
1160	1800000000	-62.7162
1161	1800000000	-62.614
1162	1800000000	-62.5371
1163	1800000000	-62.4194
1164	1800000000	-62.3381
1165	1800000000	-62.241
1166	1800000000	-62.1568
1167	1800000000	-62.0489
1168	1800000000	-61.9776
1169	1800000000	-61.9081
1170	1800000000	-61.8228
1171	1800000000	-61.7217
1172	1800000000	-61.6332
1173	1800000000	-61.5374
1174	1800000000	-61.4525
1175	1800000000	-61.3998
1176	1800000000	-61.2947
1177	1800000000	-61.2088
1178	1800000000	-61.1246
1179	1800000000	-61.079
1180	1800000000	-60.9855
1181	1800000000	-60.9012
1182	1800000000	-60.8291
1183	1800000000	-60.7533
1184	1800000000	-60.6812
1185	1800000000	-60.595
1186	1800000000	-60.5347
1187	1800000000	-60.4469
1188	1800000000	-60.3764
1189	1800000000	-60.3084
1190	1800000000	-60.2254
1191	1800000000	-60.1607
1192	1800000000	-60.0924
1193	1800000000	-60.0226
1194	1800000000	-59.9573
1195	1800000000	-59.8924
1196	1800000000	-59.8379
1197	1800000000	-59.7521
1198	1800000000	-59.6933
1199	1800000000	-59.627
1200	1800000000	-59.5615
1201	1800000000	-59.4837
1202	1800000000	-59.42
1203	1800000000	-59.3675
1204	1800000000	-59.3208
1205	1800000000	-59.238
1206	1800000000	-59.1732
1207	1800000000	-59.0894
1208	1800000000	-59.0568
1209	1800000000	-58.975
1210	1800000000	-58.9177
1211	1800000000	-58.8485
1212	1800000000	-58.8079
1213	1800000000	-58.7429
1214	1800000000	-58.6737
1215	1800000000	-58.6141
1216	1800000000	-58.5678
1217	1800000000	-58.4879
1218	1800000000	-58.4428
1219	1800000000	-58.3752
1220	1800000000	-58.3203
1221	1800000000	-58.2541
1222	1800000000	-58.2052
1223	1800000000	-58.1675
1224	1800000000	-58.0972
1225	1800000000	-58.0434
1226	1800000000	-57.9887
1227	1800000000	-57.936
1228	1800000000	-57.8682
1229	1800000000	-57.8127
1230	1800000000	-57.7601
1231	1800000000	-57.7024
1232	1800000000	-57.6476
1233	1800000000	-57.5883
1234	1800000000	-57.5435
1235	1800000000	-57.4935
1236	1800000000	-57.4428
1237	1800000000	-57.3755
1238	1800000000	-57.3366
1239	1800000000	-57.2911
1240	1800000000	-57.2251
1241	1800000000	-57.185
1242	1800000000	-57.1254
1243	1800000000	-57.0698
1244	1800000000	-57.0325
1245	1800000000	-56.9728
1246	1800000000	-56.9223
1247	1800000000	-56.8809
1248	1800000000	-56.831
1249	1800000000	-56.773
1250	1800000000	-56.7167
1251	1800000000	-56.6696
1252	1800000000	-56.6234
1253	1800000000	-56.5806
1254	1800000000	-56.5259
1255	1800000000	-56.4865
1256	1800000000	-56.4383
1257	1800000000	-56.3847
1258	1800000000	-56.3356
1259	1800000000	-56.2911
1260	1800000000	-56.2428
1261	1800000000	-56.1933
1262	1800000000	-56.1568
1263	1800000000	-56.11
1264	1800000000	-56.0534
1265	1800000000	-56.0159
1266	1800000000	-55.977
1267	1800000000	-55.9183
1268	1800000000	-55.8837
1269	1800000000	-55.8224
1270	1800000000	-55.7876
1271	1800000000	-55.7409
1272	1800000000	-55.7011
1273	1800000000	-55.6385
1274	1800000000	-55.605
1275	1800000000	-55.5726
1276	1800000000	-55.5332
1277	1800000000	-55.4777
1278	1800000000	-55.4373
1279	1800000000	-55.401
1280	1800000000	-55.3576
1281	1800000000	-55.3244
1282	1800000000	-55.2611
1283	1800000000	-55.2346
1284	1800000000	-55.191
1285	1800000000	-55.1523
1286	1800000000	-55.1128
1287	1800000000	-55.0702
1288	1800000000	-55.0314
1289	1800000000	-54.99
1290	1800000000	-54.9414
1291	1800000000	-54.9213
1292	1800000000	-54.8812
1293	1800000000	-54.8421
1294	1800000000	-54.8009
1295	1800000000	-54.7511
1296	1800000000	-54.7216
1297	1800000000	-54.6714
1298	1800000000	-54.6517
1299	1800000000	-54.5979
1300	1800000000	-54.5539
1301	1800000000	-54.5245
1302	1800000000	-54.4943
1303	1800000000	-54.451
1304	1800000000	-54.4151
1305	1800000000	-54.3877
1306	1800000000	-54.3354
1307	1800000000	-54.3089
1308	1800000000	-54.27
1309	1800000000	-54.2406
1310	1800000000	-54.2004
1311	1800000000	-54.1699
1312	1800000000	-54.135
1313	1800000000	-54.1001
1314	1800000000	-54.056
1315	1800000000	-54.0261
1316	1800000000	-53.9947
1317	1800000000	-53.9612
1318	1800000000	-53.9318
1319	1800000000	-53.9001
1320	1800000000	-53.865
1321	1800000000	-53.8336
1322	1800000000	-53.8035
1323	1800000000	-53.7666
1324	1800000000	-53.7352
1325	1800000000	-53.6984
1326	1800000000	-53.675
1327	1800000000	-53.6441
1328	1800000000	-53.6111
1329	1800000000	-53.5839
1330	1800000000	-53.5501
1331	1800000000	-53.528
1332	1800000000	-53.4964
1333	1800000000	-53.4607
1334	1800000000	-53.4461
1335	1800000000	-53.4109
1336	1800000000	-53.3779
1337	1800000000	-53.351
1338	1800000000	-53.3255
1339	1800000000	-53.294
1340	1800000000	-53.2683
1341	1800000000	-53.2424
1342	1800000000	-53.2166
1343	1800000000	-53.1931
1344	1800000000	-53.1602
1345	1800000000	-53.1418
1346	1800000000	-53.1044
1347	1800000000	-53.0954
1348	1800000000	-53.0537
1349	1800000000	-53.0248
1350	1800000000	-53.0089
1351	1800000000	-52.977
1352	1800000000	-52.963
1353	1800000000	-52.937
1354	1800000000	-52.9111
1355	1800000000	-52.8877
1356	1800000000	-52.8627
1357	1800000000	-52.8382
1358	1800000000	-52.8187
1359	1800000000	-52.797
1360	1800000000	-52.7704
1361	1800000000	-52.7509
1362	1800000000	-52.7327
1363	1800000000	-52.7037
1364	1800000000	-52.6858
1365	1800000000	-52.6605
1366	1800000000	-52.638
1367	1800000000	-52.6341
1368	1800000000	-52.6061
1369	1800000000	-52.581
1370	1800000000	-52.5634
1371	1800000000	-52.5481
1372	1800000000	-52.5189
1373	1800000000	-52.5122
1374	1800000000	-52.4865
1375	1800000000	-52.4682
1376	1800000000	-52.4528
1377	1800000000	-52.434
1378	1800000000	-52.4141
1379	1800000000	-52.3999
1380	1800000000	-52.3846
1381	1800000000	-52.3651
1382	1800000000	-52.3517
1383	1800000000	-52.3324
1384	1800000000	-52.323
1385	1800000000	-52.295
1386	1800000000	-52.2836
1387	1800000000	-52.2645
1388	1800000000	-52.254
1389	1800000000	-52.2419
1390	1800000000	-52.2307
1391	1800000000	-52.2051
1392	1800000000	-52.1963
1393	1800000000	-52.1836
1394	1800000000	-52.1753
1395	1800000000	-52.1589
1396	1800000000	-52.1464
1397	1800000000	-52.1343
1398	1800000000	-52.1204
1399	1800000000	-52.1118
1400	1800000000	-52.096
1401	1800000000	-52.0836
1402	1800000000	-52.0711
1403	1800000000	-52.0641
1404	1800000000	-52.0456
1405	1800000000	-52.0502
1406	1800000000	-52.0339
1407	1800000000	-52.0206
1408	1800000000	-52.011
1409	1800000000	-51.9968
1410	1800000000	-51.9898
1411	1800000000	-51.977
1412	1800000000	-51.9682
1413	1800000000	-51.9678
1414	1800000000	-51.9574
1415	1800000000	-51.9481
1416	1800000000	-51.9363
1417	1800000000	-51.9352
1418	1800000000	-51.9251
1419	1800000000	-51.9141
1420	1800000000	-51.9086
1421	1800000000	-51.903
1422	1800000000	-51.8982
1423	1800000000	-51.8898
1424	1800000000	-51.891
1425	1800000000	-51.8764
1426	1800000000	-51.8802
1427	1800000000	-51.867
1428	1800000000	-51.8657
1429	1800000000	-51.8573
1430	1800000000	-51.8667
1431	1800000000	-51.8598
1432	1800000000	-51.8477
1433	1800000000	-51.8566
1434	1800000000	-51.848
1435	1800000000	-51.8477
1436	1800000000	-51.8414
1437	1800000000	-51.8362
1438	1800000000	-51.8421
1439	1800000000	-51.8326
1440	1800000000	-51.845
1441	1800000000	-51.8336
